
power = 7167.94298237796
throughput = 5064.67
composite = 6025.21914826010
